  1     000 000   TO   003 377
  2     004 000   TO   007 377
  3     010 000   TO   013 377
  4     014 000   TO   017 377
  5     020 000   TO   023 377
  6     024 000   TO   027 377
  7     030 000   TO   033 377
  8     034 000   TO   037 377
  9     040 000   TO   043 377
 10     044 000   TO   047 377
 11     050 000   TO   053 377
 12     054 000   TO   057 377
 13     060 000   TO   063 377
 14     064 000   TO   067 377
 15     070 000   TO   073 377
 16     074 000   TO   077 377
 17     100 000   TO   103 377
 18     104 000   TO   107 377
 19     110 000   TO   113 377
 20     114 000   TO   117 377
 21     120 000   TO   123 377
 22     124 000   TO   127 377
 23     130 000   TO   133 377
 24     134 000   TO   137 377
 25     140 000   TO   143 377
 26     144 000   TO   147 377
 27     150 000   TO   153 377
 28     154 000   TO   157 377
 29     160 000   TO   163 377
 30     164 000   TO   167 377
 31     170 000   TO   173 377
 32     174 000   TO   177 377
 33     200 000   TO   203 377
 34     204 000   TO   207 377
 35     210 000   TO   213 377
 36     214 000   TO   217 377
 37     220 000   TO   223 377
 38     224 000   TO   227 377
 39     230 000   TO   233 377
 40     234 000   TO   237 377
 41     240 000   TO   243 377
 42     244 000   TO   247 377
 43     250 000   TO   253 377
 44     254 000   TO   257 377
 45     260 000   TO   263 377
 46     264 000   TO   267 377
 47     270 000   TO   273 377
 48     274 000   TO   277 377
 49     300 000   TO   303 377
 50     304 000   TO   307 377
 51     310 000   TO   313 377
 52     314 000   TO   317 377
 53     320 000   TO   323 377
 54     324 000   TO   327 377
 55     330 000   TO   333 377
 56     334 000   TO   337 377
 57     340 000   TO   343 377
 58     344 000   TO   347 377
 59     350 000   TO   353 377
 60     354 000   TO   357 377
 61     360 000   TO   363 377
 62     364 000   TO   367 377
 63     370 000   TO   373 377
 64     374 000   TO   377 377
